The runtime = 0.000000
a[0] = 13
b1[0] = 2.000000
b2[0] = 2.600000
a[1] = 53
b1[1] = 10.000000
b2[1] = 10.600000
a[2] = 37
b1[2] = 7.000000
b2[2] = 7.400000
a[3] = 12
b1[3] = 2.000000
b2[3] = 2.400000
a[4] = 39
b1[4] = 7.000000
b2[4] = 7.800000
a[5] = 13
b1[5] = 2.000000
b2[5] = 2.600000
a[6] = 7
b1[6] = 1.000000
b2[6] = 1.400000
a[7] = 72
b1[7] = 14.000000
b2[7] = 14.400000
a[8] = 4
b1[8] = 0.000000
b2[8] = 0.800000
a[9] = 83
b1[9] = 16.000000
b2[9] = 16.600000
a[10] = 36
b1[10] = 7.000000
b2[10] = 7.200000
a[11] = 72
b1[11] = 14.000000
b2[11] = 14.400000
a[12] = 13
b1[12] = 2.000000
b2[12] = 2.600000
a[13] = 27
b1[13] = 5.000000
b2[13] = 5.400000
a[14] = 32
b1[14] = 6.000000
b2[14] = 6.400000
Press any key to continue . . .